0	6.88167
1	6.88061
2	6.67534
3	6.71241
4	6.71493
5	6.53047
6	5.74905
7	4.62814
8	4.62338
9	4.61507
10	4.61006
11	4.55304
12	4.6161
13	4.58444
14	4.58542
15	4.58658
16	4.57509
17	4.52327
18	4.5227
19	4.5647
20	4.52733
21	4.528
22	4.52818
23	4.49591
24	4.48673
25	4.40629
26	4.38174
27	4.38526
28	4.29715
29	4.26513
30	4.22813
31	4.2149
32	4.29285
33	4.37173
34	4.33609
35	4.33695
36	4.35261
37	4.52013
38	4.15985
39	4.13286
40	4.2523
41	4.18363
42	4.07261
43	4.2072
44	4.20578
45	3.93477
46	3.97515
47	3.89815
48	3.90245
49	3.87339
50	3.9397
51	3.99504
52	3.99504
53	4.00599
54	4.94796
55	3.68959
56	3.94311
57	3.5778
58	3.96784
59	3.58222
60	3.58392
61	3.8314
62	3.63586
63	3.58523
64	3.65317
65	3.63101
66	3.44871
67	3.46344
68	3.37709
69	3.42808
70	3.44123
71	3.44483
72	3.65485
73	3.41202
74	3.42332
75	3.47384
76	3.31832
77	3.5315
78	3.53266
79	3.33907
80	3.31119
81	3.34981
82	3.31113
83	3.15445
84	3.13914
85	3.11155
86	3.72
87	3.30948
88	3.22153
89	2.95329
90	2.90669
91	2.96108
92	2.98567
93	2.97936
94	3.06382
95	2.98599
96	5.38572
97	2.85601
98	2.53456
99	2.80207
100	2.58
101	2.64263
102	2.63271
103	2.72625
104	2.44706
105	2.46782
106	2.48618
107	2.50628
108	2.5095
109	2.33084
110	2.34545
111	2.33798
112	2.30441
113	2.2748
114	2.32007
115	2.28105
116	2.71365
117	2.72029
118	2.74704
119	2.36532
120	2.34208
121	2.22803
122	3.04624
123	2.25655
124	2.21748
125	2.17159
126	2.14136
127	2.78513
128	2.18579
129	2.09749
130	2.04548
131	2.03499
132	2.36942
133	2.22937
134	2.02472
135	2.00646
136	2.01141
137	1.94517
138	1.95481
139	1.96876
140	2.05356
141	2.04047
142	2.05517
143	2.13543
144	2.04435
145	1.85505
146	1.87518
147	1.88652
148	2.147
149	1.91323
150	1.91488
151	1.90606
152	1.87977
153	1.85965
154	1.68188
155	3.18762
156	3.74589
157	3.73151
158	1.75469
159	1.7596
160	1.69923
161	1.67437
162	1.67154
163	1.68702
164	1.55936
165	1.63906
166	1.92389
167	1.60581
168	1.69635
169	1.54077
170	1.53686
171	1.5809
172	1.53333
173	1.55263
174	1.53941
175	2.93058
176	1.57063
177	1.55464
178	1.44062
179	1.43343
180	1.96796
181	1.96692
182	1.93713
183	1.4865
184	1.74136
185	1.4506
186	1.37312
187	1.37282
188	1.30537
189	1.61896
190	1.38728
191	1.38446
192	1.34527
193	1.36628
194	1.40819
195	1.56714
196	1.55945
197	1.3821
198	1.34511
199	1.35653
200	1.65756
201	1.37723
202	1.47026
203	1.37728
204	1.37649
205	1.30236
206	1.30101
207	1.29248
208	1.36716
209	1.29528
210	1.067
211	1.03418
212	0.892113
213	0.921933
214	1.00108
215	1.05226
216	3.53834
217	1.63179
218	0.769788
219	0.813584
220	0.766263
221	0.93212
222	1.02495
223	0.963029
224	0.924756
225	0.826848
226	0.82725
227	0.843624
228	0.935476
229	0.935027
230	0.970554
231	0.988966
232	1.43834
233	1.29847
234	1.36468
235	0.998906
236	0.782678
237	0.796563
238	0.787145
239	1.63847
240	0.83091
241	0.818258
242	0.994398
243	0.986789
244	0.824492
245	1.1243
246	0.966838
247	0.968774
248	0.97894
249	0.987354
250	2.03945
251	0.875762
252	0.87574
253	0.800336
254	0.813177
255	0.821736
256	0.881332
257	0.869832
258	0.78197
259	0.77475
260	0.979166
261	0.793683
262	0.773741
263	0.745674
264	0.680852
265	0.749718
266	0.710519
267	1.27882
268	0.881297
269	0.944406
270	0.961055
271	0.699485
272	0.741895
273	0.745974
274	0.678235
275	0.786144
276	0.748435
277	1.13969
278	1.29269
279	1.44348
280	1.32224
281	0.851226
282	0.704127
283	0.804273
284	0.969592
285	0.857498
286	1.94498
287	0.742371
288	0.732411
289	1.18399
290	0.65929
291	0.659192
292	0.837239
293	0.837905
294	0.83791
295	0.558566
296	0.536491
297	0.737222
298	0.534733
299	0.580765
300	0.472797
301	0.488416
302	1.10981
303	0.511382
304	0.4848
305	0.483646
306	0.786924
307	0.785364
308	1.12923
309	0.788089
310	1.25938
311	1.29203
312	1.32041
313	1.15164
314	1.33344
315	0.842663
316	1.26018
317	0.712378
318	0.672408
319	1.07203
320	1.03038
321	1.16514
322	1.35304
323	1.39605
324	0.805287
325	0.531332
326	0.466029
327	0.631265
328	0.656021
329	0.979087
330	0.747026
331	0.734645
332	0.766371
333	0.455599
334	0.789165
335	0.626388
336	0.740249
337	0.58252
338	0.453242
339	0.751347
340	0.782708
341	0.434412
342	0.559635
343	0.449034
344	0.809524
345	0.811975
346	0.846535
347	0.594772
348	0.758355
349	0.722814
350	0.99065
351	0.964749
352	1.00803
353	1.02441
354	0.523688
355	0.506505
356	1.45205
357	0.839683
358	0.777161
359	0.779597
360	0.826419
361	0.781606
362	0.697971
363	0.794731
364	0.744828
365	0.741036
366	0.745534
367	0.747078
368	0.749663
369	0.448399
370	0.514359
371	0.509968
372	0.503599
373	0.513469
374	0.478572
375	0.777912
376	1.00375
377	0.452417
378	0.465837
379	0.474886
380	0.425365
381	0.45586
382	0.466756
383	0.760576
384	0.591262
385	0.504431
386	0.504512
387	0.470377
388	0.812223
389	0.347241
390	0.415803
391	0.33059
392	0.345967
393	0.368319
394	0.386949
395	0.685581
396	0.375548
397	0.483975
398	0.377725
399	0.378807
400	0.36505
401	0.394327
402	0.430512
403	0.346266
404	0.437822
405	0.459129
406	0.296615
407	0.29542
408	0.237523
409	0.235244
410	0.253013
411	0.279729
412	0.363223
413	0.270816
414	0.266861
415	0.2492
416	0.290446
417	1.12194
418	0.778115
419	0.243109
420	0.241015
421	0.726446
422	0.381635
423	0.959835
424	0.257941
425	0.243809
426	0.301874
427	0.239742
428	0.233662
429	1.83873
430	0.406
431	0.504837
432	0.436131
433	0.251769
434	0.25137
435	0.291598
436	0.208722
437	0.240263
438	0.291329
439	0.28455
440	0.271699
441	0.219677
442	0.519886
443	0.237723
444	0.190359
445	0.201382
446	0.218362
447	0.306775
448	0.225466
449	0.229252
450	0.255441
451	0.248492
452	0.218519
453	0.221766
454	0.212203
455	0.217074
456	0.217112
457	0.208344
458	0.208816
459	2.46075
460	0.283085
461	0.333615
462	0.304526
463	0.35655
464	0.342581
465	0.215799
466	0.33919
467	0.335754
468	0.27865
469	0.271074
470	0.465072
471	0.260991
472	0.298727
473	0.320668
474	0.328251
475	0.253034
476	0.266699
477	0.298981
478	0.206251
479	0.256476
480	0.309506
481	1.2336
482	0.229291
483	0.192059
484	0.231479
485	0.189727
486	0.26272
487	0.242303
488	0.242345
489	0.1905
490	0.190622
491	0.190214
492	0.190698
493	0.189976
494	0.190484
495	0.190875
496	0.285805
497	0.190831
498	0.305331
499	0.31997
500	0.218353
